46,341
63,451
84,549
133,683
201,785
281,862
381,883
480,866
571,799
654,694
702,558
726,457
746,342
563,-12
390,-45
217,-10
248,231
180,228
122,267
184,262
247,264
315,267
465,265
534,230
602,228
659,267
597,262
534,263
562,294
216,296
280,347
248,324
215,315
187,323
159,344
188,361
217,369
249,362
215,336
561,335
498,346
531,323
564,313
592,322
620,342
591,360
562,368
530,361
442,452
390,452
337,451
332,550
388,522
444,550
505,549
460,566
387,583
317,565
276,549
269,680
314,653
359,643
386,642
416,644
460,655
506,684
437,677
386,677
336,675
335,687
385,696
436,689
473,718
432,733
384,738
339,731
300,714
